01 01 01 01 01 01 01 01 01 01 01 01 01 01 01 01 01 01 03 03 03 03 03 03 03
01 00 00 00 00 10 00 00 11 00 00 12 00 00 13 00 00 01 03 03 03 03 03 03 03
01 00 00 00 00 00 00 00 00 00 00 00 00 00 00 00 00 01 03 03 03 03 03 03 03
01 00 00 00 00 00 00 00 00 00 00 00 00 00 00 00 00 01 03 03 03 03 03 03 03
01 00 00 00 00 00 00 00 00 00 00 00 00 00 14 00 00 01 03 03 03 03 03 03 03
01 00 1b 00 00 00 00 00 00 00 00 00 00 00 00 00 00 01 03 03 03 03 03 03 03
01 00 00 00 00 00 00 00 00 00 00 00 00 00 1e 00 00 01 03 03 03 03 03 03 03
01 00 00 00 00 00 00 00 00 00 00 00 00 00 00 00 00 01 03 03 03 03 03 03 03
01 01 01 01 01 01 01 01 01 01 01 01 01 01 01 01 01 01 03 03 03 03 03 03 03
03 03 03 03 03 03 03 03 03 03 03 03 03 03 03 03 03 03 03 03 03 03 03 03 03
03 03 03 03 03 03 03 03 03 03 03 03 03 03 03 03 03 03 03 03 03 03 03 03 03 
03 03 03 03 03 03 03 03 03 03 03 03 03 03 03 03 03 03 03 03 03 03 03 03 03 
03 03 03 03 03 03 03 03 03 03 03 03 03 03 03 03 03 03 03 03 03 03 03 03 03 
03 03 03 03 03 03 03 03 03 03 03 03 03 03 03 03 03 03 03 03 03 03 03 03 03 
03 03 03 03 03 03 03 03 03 03 03 03 03 03 03 03 03 03 03 03 03 03 03 03 03 

01 01 0f 01 01 01 01 0f 01 01 01 01 01 01 01 01 01 01 01 01 01 01 0f 01 01
01 00 00 00 00 00 00 00 00 00 00 00 00 00 00 00 1C 00 00 01 00 00 00 1a 01
01 00 00 00 00 00 00 0d 00 00 00 00 00 00 00 00 00 00 00 01 00 00 00 00 01
01 00 00 00 00 00 01 00 0f 00 00 00 00 00 0a 00 00 00 00 01 00 00 00 00 01
01 00 00 00 00 00 01 00 00 0b 00 00 00 00 00 00 00 00 00 00 00 00 00 00 01
01 01 0f 01 01 01 01 00 00 01 00 0f 00 00 00 13 00 00 00 01 00 0e 00 00 01
00 00 00 00 01 00 00 00 00 00 00 00 00 00 00 00 00 00 00 01 00 00 00 00 01
01 00 00 00 01 00 00 00 00 00 00 00 00 00 00 00 00 00 00 01 00 00 00 0a 01
01 00 00 00 01 00 0e 00 00 00 0e 00 00 00 00 00 00 00 00 01 00 00 00 00 01
01 00 00 00 01 00 00 00 00 00 00 00 00 00 00 00 00 00 20 01 00 00 00 00 01
01 00 00 00 01 01 01 0f 01 01 01 01 01 0f 01 01 0d 01 01 01 00 00 0e 00 01
01 00 0a 00 00 00 00 00 00 00 0d 00 00 00 00 00 00 00 00 00 00 00 00 00 01
01 00 00 00 00 00 00 0f 00 00 00 00 00 00 00 0e 00 00 00 00 00 00 00 00 01
01 00 00 00 00 00 20 00 00 00 00 00 00 00 00 00 00 00 00 00 00 00 00 00 01
01 01 01 01 01 01 01 01 01 01 01 01 01 01 01 01 01 01 01 01 01 01 01 01 01

01 01 01 01 01 01 01 01 01 01 01 01 01 01 01 01 01 01 01 01 0f 01 0f 01 01
01 00 00 00 00 00 00 00 00 01 00 00 00 00 00 00 00 00 00 00 00 00 00 00 01
01 00 00 00 00 00 00 00 00 01 00 20 00 00 00 00 00 0e 00 00 00 0a 00 00 01
01 00 00 00 00 0a 01 00 0d 01 00 00 0d 00 00 00 00 00 00 00 00 00 00 00 01
01 00 00 00 00 00 01 01 01 01 00 00 00 00 00 0f 00 00 00 00 00 00 00 00 01
01 00 00 00 00 00 00 00 00 01 00 00 00 00 00 00 00 00 00 00 00 00 00 00 01
00 00 00 00 00 00 00 00 00 01 00 00 00 01 0f 01 01 01 01 01 01 01 01 01 01
01 01 0f 01 00 00 01 01 01 01 00 0a 00 00 00 00 00 00 00 00 00 00 00 00 01
01 00 00 00 00 00 00 00 00 01 00 00 00 13 00 00 00 00 00 00 00 00 00 00 01
01 00 00 00 0a 00 00 00 00 01 00 00 00 00 00 00 00 00 00 00 0f 00 00 00 01
01 00 00 00 00 00 00 00 00 01 00 00 00 00 00 0b 00 00 00 00 00 00 00 00 01
01 00 00 00 00 00 00 00 00 01 01 0f 01 01 01 01 01 01 01 01 00 00 01 01 01
01 00 20 00 00 00 00 0f 00 00 00 00 00 00 00 00 00 00 0f 00 00 00 00 00 01
01 00 00 00 00 00 00 00 00 00 00 00 00 00 00 0d 00 00 00 00 00 00 00 00 01
01 01 01 01 01 01 01 01 01 01 01 01 01 01 01 01 01 01 01 01 01 01 01 01 01

01 01 01 01 01 01 01 01 01 01 01 01 01 01 01 01 01 01 01 01 01 01 01 01 01
01 00 00 00 00 00 00 00 00 00 0e 00 00 00 00 00 00 00 00 0d 00 00 20 20 01
01 12 00 00 00 00 00 00 00 00 00 00 00 00 00 00 0f 00 00 00 00 00 00 0d 01
01 00 00 00 00 00 00 00 00 00 00 01 00 01 01 0f 01 01 01 0f 01 01 01 01 01
01 00 0c 00 00 00 00 00 00 00 00 01 00 00 00 00 00 0f 00 00 00 01 00 00 01
01 01 01 01 0f 01 00 0e 00 00 00 01 0d 00 00 00 00 00 00 00 00 00 00 00 01
00 00 00 00 00 01 00 00 00 00 00 01 00 00 00 00 00 00 0f 00 00 01 00 00 01
01 00 00 00 00 01 00 00 00 00 00 01 00 00 00 00 00 00 00 00 20 01 00 00 01
01 00 00 00 20 01 01 01 00 00 0a 01 01 01 01 01 01 01 0f 01 01 01 00 0e 01
01 00 00 00 00 01 1f 00 00 00 00 01 0e 00 00 00 0f 00 00 00 00 00 00 00 01
01 00 0e 00 00 01 00 00 00 00 0e 01 00 00 0d 00 00 00 0e 00 00 00 00 00 01
01 00 00 00 00 01 01 01 01 01 01 0f 01 01 01 01 01 01 01 00 00 0e 00 00 01
01 00 00 00 00 00 00 00 00 0a 00 00 00 00 00 00 00 00 00 00 00 00 00 00 01
01 00 00 00 00 0f 00 00 00 00 00 00 00 00 00 00 00 00 00 0b 00 00 00 00 01
01 01 01 01 01 01 01 01 01 01 01 01 01 01 01 01 01 01 01 01 01 01 01 01 01

01 01 01 01 01 01 01 01 01 01 01 0f 01 01 01 01 01 01 01 01 01 01 01 01 01
01 00 00 00 00 00 00 0d 00 00 00 00 00 01 00 00 00 00 00 00 00 1C 00 00 01
01 00 00 20 00 00 00 00 00 00 00 00 00 01 00 00 00 00 00 00 00 00 00 00 01
01 00 00 00 0a 01 01 0f 01 01 01 0f 01 01 00 00 00 00 01 00 0f 00 00 00 01
01 00 00 00 00 01 00 00 00 00 00 00 00 00 00 0f 00 00 01 00 00 00 00 00 01
01 00 00 00 00 00 0e 00 00 00 00 00 00 00 00 00 00 00 01 00 00 00 00 00 01
01 00 00 0d 00 00 00 00 01 01 0f 01 01 01 01 01 01 01 01 00 00 00 0e 00 01
01 00 00 00 00 00 00 01 01 00 00 00 00 00 00 00 00 00 01 00 20 00 00 00 01
01 01 01 01 00 0d 01 01 00 00 00 00 00 00 00 00 00 00 01 00 00 00 00 00 01
00 00 00 01 0f 01 01 00 00 00 00 00 00 00 00 01 0e 00 01 00 00 00 00 00 01
01 00 00 00 00 00 00 00 00 00 0a 00 00 00 00 00 00 0e 01 0f 01 00 00 01 01
01 00 00 0a 00 00 00 00 00 00 00 00 00 00 00 00 00 00 00 00 00 00 00 00 01
01 00 00 00 00 00 00 0f 00 00 00 20 00 00 00 00 00 00 00 00 00 00 00 00 01
01 00 00 00 00 00 00 00 00 00 00 00 00 00 00 0b 00 00 00 00 00 00 00 00 01
01 01 01 01 01 01 01 01 01 01 01 01 01 01 01 01 01 01 01 01 01 01 01 01 01

01 01 01 01 01 01 01 01 01 01 01 01 01 01 01 0f 01 01 01 01 01 01 01 01 01
01 00 00 00 00 00 00 00 0e 00 00 00 00 01 00 00 00 00 00 00 00 1C 00 00 01
01 00 00 0e 00 00 00 00 00 00 00 00 00 01 00 00 00 00 00 00 00 00 00 00 01
01 00 00 01 01 01 01 01 00 00 20 00 00 01 01 01 01 01 01 01 01 00 00 00 01
01 00 00 00 00 00 0f 01 00 00 00 00 00 00 00 00 00 00 00 00 01 00 00 0f 01
01 00 00 00 0d 00 00 01 00 00 00 00 00 00 00 00 0f 00 00 00 01 00 00 00 01
01 00 00 00 00 00 00 01 00 00 00 00 00 01 00 00 00 00 00 0a 01 00 00 00 01
01 00 00 0b 00 00 00 01 00 00 0f 00 00 01 00 0d 00 00 00 00 01 00 0f 00 01
01 01 01 01 01 01 01 01 00 00 00 00 00 01 00 00 00 00 00 00 01 00 00 00 01
00 00 00 00 00 00 00 01 00 00 00 00 00 01 01 01 00 00 01 01 01 00 00 00 01
01 00 00 00 00 00 00 01 00 00 00 13 00 01 20 00 00 00 00 00 0e 00 0d 00 01
01 00 00 00 00 20 00 01 00 0f 00 00 00 01 00 00 00 00 0a 00 00 00 00 00 01
01 00 00 0a 00 00 00 00 00 00 00 00 00 01 00 00 00 00 00 00 00 00 00 00 01
01 00 00 00 00 00 00 00 00 00 00 00 00 01 00 00 00 00 00 00 00 00 00 1a 01
01 01 01 01 01 01 01 01 01 01 01 01 01 01 01 01 01 01 01 01 01 01 01 01 01

01 01 01 01 01 01 01 01 01 01 01 01 01 01 01 01 01 01 01 01 01 01 01 01 01
01 1f 00 01 00 00 00 00 00 0a 00 00 00 00 00 00 00 00 00 00 00 00 12 00 01
01 00 00 01 00 00 00 00 00 00 00 00 00 00 00 00 00 00 0e 00 00 00 00 00 01
01 00 00 01 00 00 00 00 00 00 00 00 00 00 00 0d 00 00 00 00 00 00 00 00 01
01 00 00 00 0c 00 00 01 00 00 00 00 00 0b 00 00 00 00 00 00 00 00 00 20 01
01 01 01 01 01 00 00 01 01 01 01 01 01 01 01 01 01 01 01 01 01 01 01 01 01
01 00 00 20 01 00 00 00 00 00 00 00 00 00 0e 00 00 00 00 00 01 00 00 00 01
01 00 00 00 01 00 00 00 00 00 00 00 00 00 00 00 00 00 00 00 00 00 00 0a 01
01 00 00 00 01 00 00 00 0f 00 00 00 00 00 00 00 00 00 00 00 00 00 00 00 01
00 00 00 00 01 00 00 00 00 00 00 00 20 00 00 00 00 0d 00 00 01 00 00 00 01
01 00 00 00 01 00 00 00 00 00 00 00 00 00 00 00 00 00 00 00 01 00 0a 00 01
01 00 00 00 01 01 01 01 01 01 01 01 01 01 01 01 01 01 01 01 01 00 00 00 01
01 00 00 00 00 00 00 00 00 00 00 00 0e 00 00 00 00 00 00 00 00 00 00 00 01
01 00 00 00 0f 00 00 00 00 0a 00 00 00 00 00 00 00 00 00 00 00 00 00 00 01
01 01 01 01 01 01 01 01 01 01 01 01 01 01 01 01 01 01 01 01 01 01 01 01 01

01 01 01 01 01 01 01 01 01 01 01 01 01 01 01 01 01 01 01 01 01 0f 01 01 01
01 00 1a 01 00 01 0f 00 00 01 20 00 00 00 01 00 01 00 00 00 0a 00 0a 1f 01
01 00 00 01 00 01 0a 00 00 00 00 00 00 00 00 00 00 00 00 00 00 00 0f 00 01
01 00 00 01 00 00 00 00 00 01 00 00 01 00 00 01 00 00 00 0e 00 00 0d 00 01
01 00 00 01 00 00 0a 00 00 01 00 00 01 00 00 01 00 00 00 00 00 00 00 00 01
01 00 00 01 00 01 00 00 00 01 00 00 01 00 00 01 00 01 01 01 01 01 01 01 01
01 00 00 00 00 01 0e 00 00 01 0d 00 01 20 00 01 20 01 0e 00 00 1f 0e 00 01
01 01 01 01 00 01 01 0f 01 01 01 01 01 01 0f 01 01 01 00 00 0d 00 0a 00 01
01 00 0d 00 00 00 00 00 00 00 00 00 00 00 00 00 00 0e 00 00 00 00 00 00 01
01 00 00 0a 00 00 00 00 00 0a 00 00 00 00 0d 00 00 00 00 00 00 0f 00 00 01
01 0d 00 00 0b 01 00 00 00 00 00 0f 00 00 00 00 00 00 00 0f 00 00 0e 0d 01
01 01 01 01 01 01 00 00 01 01 01 01 01 01 01 01 0f 01 01 01 01 01 01 01 01
01 00 00 00 00 00 00 00 00 00 00 0e 00 00 00 00 00 00 0f 00 00 00 00 00 01
01 20 0a 00 00 00 00 00 00 0e 00 00 00 00 00 00 0f 00 00 00 0f 00 00 00 01
01 01 01 01 01 01 01 01 01 01 01 01 01 01 01 01 01 01 01 01 01 00 01 01 01

01 01 0f 01 01 01 01 01 01 01 01 01 01 01 01 01 01 01 01 01 01 01 01 01 01
01 1C 00 00 00 00 00 0f 0a 00 00 00 00 00 00 00 01 1f 0d 01 13 00 00 00 01
01 00 01 01 00 00 00 00 00 20 0f 20 00 20 00 00 01 00 00 01 00 00 20 00 01
01 00 01 01 00 01 01 01 01 01 01 01 01 01 01 00 01 0d 00 01 00 0d 00 0f 01
01 0e 01 01 0a 00 00 00 00 00 00 00 00 00 00 00 01 00 00 01 00 00 00 00 01
01 00 00 00 00 01 01 01 01 01 01 00 01 01 01 00 01 00 0d 01 0e 00 0e 00 01
01 00 01 01 00 01 01 01 00 00 00 00 01 0f 00 00 01 00 00 01 00 00 00 00 01
01 00 01 01 00 01 01 01 00 01 01 01 01 00 00 00 01 0d 00 01 00 0d 00 0f 01
01 00 01 01 00 01 0d 00 00 01 01 01 01 00 0d 00 01 00 00 01 00 00 00 00 01
01 00 00 00 00 01 0e 01 01 01 01 01 01 00 00 0b 01 00 00 00 00 00 00 00 01
01 00 01 01 0e 01 01 01 01 01 01 01 01 00 00 00 01 00 00 0f 00 00 00 00 01
01 00 01 01 00 00 00 00 00 00 00 0d 00 00 00 00 01 0a 00 01 00 0e 00 0e 01
01 00 01 01 00 01 01 01 01 00 01 01 01 00 0a 00 00 00 00 01 0d 00 00 00 01
01 00 00 00 00 00 0a 00 00 00 00 00 00 00 00 00 01 00 00 01 00 00 00 00 01
01 01 01 01 01 01 01 01 01 01 01 01 01 01 01 01 01 01 01 01 01 00 01 01 01

01 01 01 01 01 01 01 01 01 01 01 01 01 01 01 01 01 01 01 01 01 01 01 01 01
01 0e 00 00 0e 00 00 00 00 0a 00 00 00 00 00 0f 00 00 00 00 00 00 00 0f 01
01 00 00 00 00 00 0a 00 0a 00 00 00 00 0d 00 00 00 00 00 00 00 0a 00 00 01
01 00 0e 00 00 00 0d 00 00 00 0a 00 00 00 00 00 0e 00 00 00 00 00 00 00 01
01 00 00 00 01 01 01 01 01 01 01 01 01 01 01 01 01 01 01 01 00 00 00 00 01
01 00 00 0e 01 00 00 00 00 00 00 00 00 00 00 00 00 00 0d 01 00 0e 00 00 01
01 00 00 00 01 0c 00 00 00 00 00 00 00 0d 00 00 00 00 00 01 00 00 00 00 01
01 00 00 00 01 00 0f 00 01 01 01 01 01 01 01 00 0e 00 0a 01 00 00 00 0a 01
01 00 0a 00 01 00 00 00 00 00 00 00 00 12 01 00 00 00 00 01 00 00 0e 00 01
01 00 00 00 01 00 00 00 00 00 00 00 0e 00 01 00 00 0f 00 01 00 00 00 00 01
01 0f 00 00 01 01 01 01 01 01 01 01 01 01 01 00 00 00 00 01 01 01 01 00 01
01 00 00 00 00 00 00 00 00 00 00 00 00 00 00 00 0e 00 00 01 20 00 00 00 01
01 0d 00 0d 00 0a 00 00 00 00 00 0f 00 00 00 00 00 00 00 01 00 00 00 00 01
01 0e 00 00 00 00 00 00 00 00 00 00 00 00 00 0b 00 00 0e 01 00 00 00 0d 01
01 01 01 01 01 01 01 01 01 01 01 01 01 01 01 01 01 01 01 01 01 00 01 01 01



